The 1 combinations result:
0 12 11 11 11 12 12 11 11 11 11 11 9 11 10 10 11 9 11 11 9 12 11 11 10 11 11 11 12 11 9 11 8 9 11 10 11 10 8 11 10 11 11 10 10 10 10 10 10 10 10 10 9 9 10 10 10 11 8 11 10 10 9 10 9 9 9 9 9 10 9 10 9 9 9 9 8 9 9 10 9 9 10 9 9 9 9 8 9 10 10 10 9 9 8 9 9 10 10 9 9 9 9 9 7 9 9 10 10 9 10 8 8 9 9 9 10 9 9 9 9 8 9 9 9 9 8 9 6 8 8 10 9 9 9 9 8 8 9 10 10 9 8 8 8 8 8 9 8 8 9 9 9 9 9 8 9 9 9 10 8 9 8 8 10 8 8 8 10 9 8 9 9 11 8 9 9 9 8 9 8 8 8 8 8 8 8 7 8 8 8 8 8 7 8 8 9 8 8 9 6 8 9 8 8 9 8 7 8 8 8 8 8 8 8 8 8 7 7 8 9 8 8 8 8 9 7 7 8 8 11 7 9 11 11 7 8 7 8 10 7 10 9 8 8 9 10 7 6 7 7 9 7 7 5 8 9 6 9 7 8 8 8 8 8 7 
The 2 combinations result:
0 88 60 61 55 77 66 60 55 56 55 60 37 56 46 48 55 42 58 56 36 75 57 59 46 56 55 60 71 56 40 57 32 39 55 45 55 49 31 55 46 58 58 45 45 47 45 45 45 45 45 45 40 38 45 45 45 60 29 63 46 46 37 47 36 36 36 36 36 45 36 53 36 36 36 37 30 36 36 45 36 37 46 37 36 36 38 33 36 45 45 45 36 38 32 36 37 45 45 36 36 36 37 37 21 37 37 45 45 36 45 30 28 37 36 36 45 36 36 36 36 33 37 36 36 36 28 36 15 28 28 46 36 36 36 36 28 28 37 45 45 41 28 29 28 29 28 36 28 34 39 36 36 36 36 28 36 36 36 45 28 36 28 28 45 29 30 28 56 40 28 36 36 65 28 36 36 36 28 40 28 30 29 28 28 28 28 21 28 28 28 28 28 22 28 28 37 29 28 36 15 28 36 28 28 36 28 21 28 28 28 28 28 28 28 28 28 21 22 28 36 28 31 28 28 37 21 21 28 28 57 21 38 57 57 21 28 21 28 47 22 49 38 28 28 41 51 21 16 21 21 39 21 22 10 30 38 15 38 21 30 32 30 34 31 23 
The 3 combinations result:
0 539 256 273 176 393 223 249 166 210 176 254 107 196 136 169 170 172 207 185 92 356 204 232 135 194 168 245 286 180 155 205 125 124 166 121 166 174 95 166 145 209 212 123 121 151 121 122 120 125 120 120 153 119 121 121 120 233 68 284 139 141 106 169 84 90 85 88 85 121 93 230 86 84 91 107 79 84 84 122 84 103 137 111 86 84 109 143 84 124 120 120 85 114 102 89 104 120 120 84 85 85 101 93 36 98 99 122 120 84 120 109 59 113 89 84 120 84 84 84 84 110 103 84 86 84 56 84 20 63 56 131 84 84 84 84 56 58 113 121 120 135 60 69 56 72 60 91 58 134 138 84 87 84 84 56 84 87 84 134 56 84 56 56 125 75 79 56 276 142 57 84 84 310 56 84 84 86 56 154 57 83 83 58 56 56 58 35 56 56 56 56 57 53 56 56 107 66 56 84 20 56 84 56 56 85 56 35 56 57 56 58 56 56 56 56 56 35 48 58 84 56 105 56 66 104 35 35 56 58 194 35 122 194 195 38 56 35 56 142 56 179 105 56 56 149 216 35 31 35 35 123 35 55 21 93 104 20 104 35 78 103 74 134 89 51 
The 4 combinations result:
0 2730 1094 1226 510 1825 525 1010 341 887 510 1089 357 686 350 606 410 759 590 510 256 1479 681 880 323 678 378 964 903 427 721 697 648 406 339 221 339 586 350 339 485 634 678 243 220 448 220 249 210 305 210 212 716 415 220 220 210 787 135 1213 381 414 350 701 129 223 147 185 150 218 254 967 166 126 241 362 198 126 138 227 126 307 350 415 144 126 281 789 126 250 210 210 144 357 326 215 315 210 210 126 135 135 269 162 53 227 240 248 210 126 210 634 126 457 209 134 210 126 131 126 126 414 297 126 152 126 70 130 15 179 70 263 126 126 127 126 70 106 452 224 210 374 137 156 70 199 123 258 113 642 586 126 177 126 127 74 126 187 126 426 70 126 72 70 279 241 194 70 1296 529 80 126 126 1350 70 126 126 160 70 706 88 259 363 107 70 70 86 35 70 70 70 70 89 216 70 70 356 154 70 126 15 70 126 70 70 133 70 35 70 89 70 108 70 71 73 70 70 35 128 94 126 70 479 70 222 315 58 35 70 105 531 35 466 533 548 87 70 36 70 327 239 649 243 70 70 589 974 35 85 35 35 391 35 224 167 394 241 15 220 35 214 376 148 617 268 122 
The 5 combinations result:
0 10849 4474 5083 1850 7405 944 4029 524 4148 1864 4579 1524 2765 1106 2333 1071 3117 1425 1469 1127 5345 2436 3361 837 2812 856 3745 2382 890 3254 2556 3148 1531 500 318 500 2045 1535 500 2077 1845 2140 442 299 1481 299 603 254 1077 252 290 3376 1649 299 299 256 2522 266 4784 1227 1481 1531 3122 183 867 328 547 370 281 998 3728 491 126 1021 1592 567 126 285 324 126 1232 1029 1938 202 126 802 3807 126 460 252 252 283 1346 1048 846 1246 252 252 126 164 164 917 211 174 644 720 591 252 126 252 3525 547 2296 785 258 252 126 185 126 126 1767 1095 126 316 128 56 195 6 860 56 401 126 126 143 126 56 361 2230 376 252 924 586 465 56 769 403 1274 454 3017 2591 126 535 126 144 110 126 679 126 1828 56 127 76 56 708 1025 511 56 5193 1993 127 126 127 5097 56 127 126 414 57 3151 211 1006 1908 365 56 56 116 21 56 56 56 56 226 1232 56 56 1532 694 56 126 6 56 126 56 56 149 56 21 56 225 56 391 56 73 105 56 57 21 517 211 126 57 2288 56 1164 1246 351 21 56 345 1357 21 2032 1390 1492 446 56 40 56 670 1246 2423 631 56 56 2490 4210 21 379 21 21 1371 21 1141 1186 1841 675 6 408 21 801 1514 289 2747 959 485 
The 6 combinations result:
0 33441 15342 17198 7139 24510 1468 13981 681 16272 7267 16248 5910 10336 4043 8083 3367 10470 2874 4433 4943 16061 8278 11364 2528 10837 2545 12784 5377 2083 11646 8839 11778 5587 557 518 557 6663 6058 557 8436 5260 6460 1018 347 4983 347 2138 221 4587 210 535 12826 5876 347 348 272 7487 474 15941 4170 5378 6155 11526 567 3639 1273 2015 1546 272 3871 12082 2123 84 4466 6340 1800 84 1103 442 84 4867 3448 7780 288 84 2480 13874 84 1007 210 210 954 4916 3255 3663 4745 210 210 84 183 183 3334 217 823 2174 2442 2092 210 84 210 14308 2688 9573 3392 1082 210 84 430 84 84 6774 3960 84 1055 93 28 632 1 3770 28 481 84 84 220 84 28 1644 9168 975 210 2131 2659 1630 28 3037 1535 6180 2232 11375 9400 84 2140 84 225 392 84 3114 84 7449 28 89 119 28 2158 3904 1433 28 16657 6614 471 84 89 15714 34 89 84 1675 32 11220 873 3779 7944 1621 28 28 171 7 28 28 28 28 979 5655 28 28 6034 3515 33 84 1 28 84 28 28 126 28 7 28 964 28 1854 28 164 404 28 32 7 2107 796 84 32 8788 28 5187 4745 2228 7 28 1524 3374 7 7596 3625 4038 2183 28 172 28 1412 5123 8109 2006 28 28 9298 14959 7 1695 7 7 4525 7 4668 5601 6964 2336 1 739 7 3129 5458 649 10033 3456 2113 
The 7 combinations result:
0 80825 41797 45764 22798 64256 2461 39201 856 48436 23305 45435 17977 30845 13063 22715 10062 27961 4687 12109 16687 39241 23514 31263 7406 32957 8055 35567 10548 5838 31983 25346 33540 17033 481 1351 481 18328 18920 481 26958 13874 17187 2991 394 14647 394 7419 145 16084 120 1803 37474 16937 397 414 566 19441 658 42904 12294 16261 19229 32655 2518 12042 4853 6431 5945 216 11797 31803 7896 36 15147 19672 5493 36 4235 850 36 15486 10621 23861 457 36 7175 38418 36 2685 120 120 3438 14820 9353 12407 14499 120 120 36 211 211 10536 183 3061 6823 7442 7391 120 36 120 42508 9952 29946 11749 4683 120 36 1405 36 36 20611 11664 36 3691 52 8 2709 0 12343 8 452 36 36 716 36 8 6008 28415 3443 120 4784 9193 5277 8 10019 4883 22181 8350 32930 26420 36 7296 36 728 1627 36 11402 36 23583 8 46 257 8 6214 11636 3993 8 42524 18137 2148 36 46 38880 89 46 36 6306 14 30788 3264 11742 24720 5770 8 8 275 1 8 8 8 8 3734 19067 8 8 18595 13350 78 36 0 8 36 8 8 80 8 1 8 3628 8 6918 8 688 1808 8 14 1 7008 3127 36 14 26038 8 17172 14499 9318 1 8 5448 7799 1 22170 8973 10060 7821 8 877 8 3228 15829 22314 6338 8 8 27816 41663 1 6082 1 1 12512 1 14464 18874 20204 7478 0 1513 1 10131 15990 1731 28866 10741 7288 
The 8 combinations result:
0 155579 90099 96275 56374 133154 5248 87127 1074 109489 57467 99295 42544 71577 33531 50803 24528 59698 6056 27453 42705 77841 53591 68678 18373 77176 21303 79070 18328 15891 68512 58027 74306 41321 321 4137 321 41030 45778 321 65975 31759 38336 8577 437 35173 437 20382 75 42680 45 6000 85020 39061 478 605 2023 42483 663 92415 29362 38889 46126 71577 8758 30326 14310 16239 17313 229 27756 67701 22290 9 38936 47248 14361 9 12445 2292 9 38516 26847 56151 857 9 17615 83007 9 7066 45 45 9925 35464 23292 31764 34694 45 45 9 226 226 27205 128 8568 17699 18630 20772 45 9 45 95779 27238 71157 30970 14981 45 9 4132 9 9 48706 27141 9 10418 23 1 9005 0 30605 1 321 9 9 2389 9 1 16577 67175 10512 45 10285 23948 14175 1 26398 12390 58541 23130 73892 58081 9 19133 9 2424 5256 9 31202 9 56993 1 19 457 1 14924 27133 10066 1 87408 40455 7570 9 19 77565 510 19 9 18377 5 66089 9388 28994 58892 15626 1 1 533 0 1 1 1 1 10856 48190 1 1 44301 37103 457 9 0 1 9 1 1 35 1 0 1 10389 1 19307 1 2381 6021 1 5 0 18299 10018 9 5 60373 1 43156 34694 27298 0 1 14757 15998 0 50606 19788 21642 20944 1 3199 1 7410 37688 49505 16900 1 1 65340 91099 0 16760 0 0 28093 0 34685 47695 45697 19245 0 3680 0 25782 37361 4670 65529 27070 19132 
The 9 combinations result:
0 241851 155101 162271 108416 219803 12203 153813 1232 191757 109631 171264 79577 130539 67445 91032 47367 102910 6140 50547 84693 126129 97850 121098 36977 141046 44246 140688 28602 35824 116775 106099 130634 79250 159 10853 159 74370 86538 159 125186 60632 70335 20500 416 67883 416 43346 30 86623 10 15363 152148 72589 674 1235 6067 76757 471 159881 56416 73708 86431 124044 22536 59333 32306 32584 38312 576 51523 117040 48236 1 77528 89391 30546 1 27975 5974 1 75548 54162 103549 1939 1 35325 142922 1 15893 10 10 22262 67435 47764 62923 65768 10 10 1 190 190 56581 72 18564 36855 37635 45141 10 1 10 168343 56726 131472 63162 35446 10 1 9912 1 1 90250 50389 1 22940 7 0 22219 0 59221 0 163 1 1 6189 1 0 35308 123937 24691 10 19851 48321 30533 0 55219 25320 116921 48909 130819 101661 1 38949 1 6338 13015 1 65164 1 107169 0 6 588 0 29287 50388 21381 0 146299 73326 19793 1 6 125980 1975 6 1 41021 1 113101 20930 56780 110028 32969 0 0 1316 0 0 0 0 0 24363 93736 0 0 82870 77782 1833 1 0 0 1 0 0 9 0 0 0 22932 0 41314 0 6188 14924 0 1 0 37562 24806 1 1 111296 0 84571 65768 59312 0 0 30940 28476 0 91872 37443 39146 43316 0 8554 0 15321 70772 88848 36109 0 0 121077 158236 0 35636 0 0 51189 0 65767 93182 82212 38993 0 8938 0 51655 69857 10887 118478 54449 38949 
The 10 combinations result:
0 306860 215280 221562 164533 291723 24920 217245 1180 265101 164589 235970 119227 189746 107052 131870 72975 144356 4849 75636 132559 168014 144132 172864 59903 204414 72349 201533 39952 63749 160751 156167 184780 120827 54 22490 54 109528 129514 54 186972 94765 105610 38957 303 105226 303 72301 8 137117 1 29966 217391 109351 1294 2945 13587 113916 229 223436 87661 111839 128622 173077 43958 92027 56849 52605 65858 1661 76923 165100 81631 0 121881 135207 52152 0 49224 12680 0 118109 87109 152254 4413 0 57280 198848 0 29062 1 1 39293 102754 78825 98536 100035 1 1 0 113 113 94327 30 31824 61393 61327 76694 1 0 1 235269 92037 192281 101509 63868 1 0 19238 0 0 132981 75582 0 39833 1 0 41768 0 91313 0 55 0 0 12376 0 0 59280 181589 44704 1 32539 77155 52317 0 91862 41998 180938 80847 185517 143650 0 62712 0 12883 25143 0 106217 0 159682 0 1 546 0 47075 75582 37039 0 200770 108262 39154 0 1 167961 5292 1 0 71105 0 156520 36829 88805 163803 55284 0 0 3201 0 0 0 0 0 43055 143240 0 0 123554 126212 5083 0 0 0 0 0 0 1 0 0 0 39832 0 69290 0 12376 28392 0 0 0 61161 47313 0 0 164811 0 131484 100035 99011 0 0 51272 43440 0 134498 59532 59005 70720 0 17381 0 26686 106470 129855 61349 0 0 178629 220704 0 59325 0 0 76078 0 100035 143527 119340 62722 0 18372 0 82325 105250 20549 172097 87396 62712 
The 11 combinations result:
0 319984 242582 246740 199290 313712 40820 247195 896 293366 197201 262317 144267 222032 135211 155368 90672 165593 2949 92389 165618 184767 172294 200937 78201 237632 94265 233541 48994 89080 180459 186241 212101 147509 11 36425 11 131571 155210 11 222338 120417 129702 58355 157 131351 157 95811 1 171765 0 45331 249983 133915 2753 6195 23100 138568 72 253350 110616 136917 153802 196778 66308 114686 79079 68848 89375 3719 93490 190619 109539 0 153120 164974 71500 0 68828 21178 0 148201 112168 180553 8459 0 75063 225368 0 42659 0 0 55231 126400 104094 123653 123123 0 0 0 44 44 125796 8 43758 82038 80817 103070 0 0 0 264671 118196 225214 130152 89507 0 0 30097 0 0 157597 92378 0 55198 0 0 61127 0 113585 0 11 0 0 19448 0 0 79508 213664 63350 0 44044 98813 71390 0 121924 56695 220495 106043 212949 165308 0 80938 0 20658 38338 0 137181 0 190864 0 0 366 0 62087 92378 51831 0 226493 130494 59740 0 0 184756 10373 0 0 96927 0 176748 51766 111748 196164 74516 0 0 6337 0 0 0 0 0 60698 174461 0 0 148368 161274 10296 0 0 0 0 0 0 0 0 0 0 55198 0 92378 0 19448 42328 0 0 0 79706 70094 0 0 197149 0 163784 123123 129768 0 0 68068 56101 0 160160 78443 73789 92378 0 27456 0 38039 129558 155233 83160 0 0 211498 249063 0 78374 0 0 92598 0 123123 176452 140998 80939 0 30041 0 105303 128491 30943 202081 112387 80938
The 12 combinations result:
0 275099 222697 224753 193912 274767 52429 227698 521 262265 190237 236844 141525 210245 136688 149248 91533 155662 1354 92379 166143 167961 167596 190574 82444 223016 98756 219429 51482 98173 166053 180500 198397 145003 1 46198 1 129130 150096 1 212032 124093 130219 68989 54 132298 54 101673 0 171798 0 53911 232353 133341 4960 10219 30382 137930 13 233544 113465 135784 148798 183404 78253 115687 87659 73250 96668 6292 93037 180258 117435 0 154682 163023 78914 0 77044 27796 0 149768 116072 173757 12782 0 79597 208780 0 50160 0 0 62249 126072 110044 125223 123123 0 0 0 10 10 134068 1 48620 88209 86284 110352 0 0 0 241329 121318 212652 134046 98824 0 0 37774 0 0 151295 92378 0 61490 0 0 70576 0 114665 0 1 0 0 24310 0 0 85800 203115 71071 0 48698 102245 77825 0 129404 62270 213745 111285 198980 155584 0 84370 0 26389 46429 0 141592 0 184253 0 0 174 0 67070 92378 58499 0 209857 128480 71223 0 0 167960 15367 0 0 104798 0 163592 58487 113697 189836 81135 0 0 9734 0 0 0 0 0 68717 170874 0 0 144353 163953 15730 0 0 0 0 0 0 0 0 0 0 61490 0 98670 0 24310 50050 0 0 0 83666 81368 0 0 190895 0 164213 123123 135244 0 0 72930 60522 0 155727 84765 76219 97240 0 34177 0 43901 128128 151932 90299 0 0 201982 228349 0 82941 0 0 92444 0 123123 174328 136136 84370 0 38599 0 108691 127479 37191 192445 116193 84370
The 13 combinations result:
0 194874 166578 167317 151861 196406 52606 170104 223 190289 148286 174177 112575 161228 110879 116788 75272 119795 454 75582 134002 125970 132531 147213 70226 169278 83513 167050 45369 85681 125362 142045 151253 115062 0 45981 0 103402 117547 0 162672 103479 106604 64488 11 107504 11 86658 0 137720 0 50765 174729 107704 6908 12902 31251 111995 1 174883 94392 109110 116754 140207 72624 94666 77649 63293 83655 8151 75857 139321 100816 0 125818 130415 70127 0 69156 28754 0 121921 96636 135894 15026 0 68278 157976 0 47212 0 0 56364 102026 93184 102509 100035 0 0 0 1 1 114004 0 43758 76385 74592 94358 0 0 0 178752 99980 162229 111122 86504 0 0 37850 0 0 117975 75582 0 55198 0 0 64702 0 94027 0 0 0 0 24310 0 0 74646 156245 63492 0 43771 85657 67904 0 109836 55496 165661 93721 151515 119782 0 71214 0 26950 44749 0 117172 0 143935 0 0 56 0 59059 75582 53197 0 159081 103128 66796 0 0 125970 17523 0 0 90245 0 124150 53196 93666 148525 71368 0 0 11584 0 0 0 0 0 62557 135092 0 0 113983 133211 18447 0 0 0 0 0 0 0 0 0 0 55198 0 84656 0 24310 47190 0 0 0 70929 74414 0 0 149460 0 132573 100035 112751 0 0 63206 53814 0 123565 74429 64649 82654 0 33748 0 40833 103038 121432 78662 0 0 155829 170219 0 70642 0 0 75594 0 100035 138699 107406 71214 0 38985 0 90663 102764 35751 148647 96681 71214
The 14 combinations result:
0 113216 101156 101339 95495 114378 41173 102877 66 112044 93230 104169 72360 99788 72090 74126 50308 75141 105 50388 86645 77520 84781 92121 48205 103653 56915 102634 32944 59274 77389 90316 93614 73608 0 35882 0 67223 74478 0 100309 69507 70741 47613 1 70255 1 59215 0 88401 0 37895 106032 70214 7327 12454 25234 73724 0 105953 63324 70784 74151 87500 52995 62673 54847 44214 57850 8151 50465 87530 69125 0 82144 84086 49984 0 49623 23453 0 79697 64575 86091 13729 0 47215 97162 0 35466 0 0 40888 66767 63077 67623 65767 0 0 0 0 0 77064 0 31824 53133 52001 64308 0 0 0 107314 66134 99799 73958 60071 0 0 30098 0 0 74581 50388 0 39832 0 0 47124 0 62400 0 0 0 0 19448 0 0 52208 96994 45188 0 31825 57941 47368 0 74321 39911 102688 63230 93690 75140 0 48568 0 21956 34254 0 77608 0 90741 0 0 11 0 42068 50388 38831 0 97982 67146 49320 0 0 77520 15510 0 0 61865 0 76960 38831 62309 93614 50493 0 0 10725 0 0 0 0 0 45629 86092 0 0 72853 86451 16731 0 0 0 0 0 0 0 0 0 0 39832 0 58214 0 19448 35464 0 0 0 48490 53660 0 0 94211 0 85877 65767 75195 0 0 44200 38914 0 79612 52597 44668 56576 0 26455 0 30472 67132 78755 54848 0 0 96892 102871 0 48412 0 0 50389 0 65767 88658 68952 48568 0 30955 0 60944 67055 27456 92804 64585 48568
The 15 combinations result:
0 53448 49468 49496 47885 53915 25017 50048 12 53246 46927 50323 37299 49453 37362 37848 27119 38080 15 27132 44579 38760 43463 46260 26481 50829 31029 50485 19385 32386 38743 45953 46634 37738 0 21837 0 35154 37945 0 49438 37282 37657 27611 0 36661 0 32214 0 45162 0 22321 51572 36623 5907 9184 15950 38937 0 51524 33930 36779 37857 44127 30246 33306 30667 24753 31759 6292 27145 44269 37562 0 42707 43312 28326 0 28235 15015 0 41524 34397 43808 9724 0 26118 48118 0 21112 0 0 23580 35049 33918 35661 34685 0 0 0 0 0 41112 0 18564 29471 28978 34699 0 0 0 51846 34916 49182 39221 32931 0 0 18823 0 0 37960 27132 0 22932 0 0 27119 0 33229 0 0 0 0 12376 0 0 29120 48231 25493 0 18564 31395 26277 0 39795 22945 50671 33944 46647 38080 0 26572 0 14158 20683 0 40860 0 45811 0 0 1 0 23972 27132 22568 0 48524 35141 28528 0 0 38760 10659 0 0 33572 0 38640 22568 33215 47152 28470 0 0 7722 0 0 0 0 0 26430 43920 0 0 37414 44550 11726 0 0 0 0 0 0 0 0 0 0 22932 0 31850 0 12376 21112 0 0 0 26559 30373 0 0 47415 0 44282 34685 39877 0 0 24752 22553 0 41238 29563 24858 30940 0 16380 0 18110 35140 41004 30394 0 0 48216 50041 0 26546 0 0 27132 0 34685 45203 35700 26572 0 19239 0 32760 35127 16744 46467 34398 26572
The 16 combinations result:
0 20196 19212 19214 18908 20310 11675 19341 1 20175 18646 19376 15217 19358 15264 15336 11627 15368 1 11628 18010 15504 17588 18370 11494 19702 13342 19619 9065 13838 15503 18424 18427 15321 0 10248 0 14569 15351 0 19252 15734 15819 12428 0 15084 0 13769 0 18139 0 10257 19857 15074 3597 5138 7814 16232 0 19846 14307 15100 15337 17688 13351 14007 13391 10948 13664 3718 11629 17748 15951 0 17439 17569 12574 0 12560 7462 0 17019 14420 17643 5291 0 11403 18898 0 9828 0 0 10662 14554 14313 14825 14463 0 0 0 0 0 17092 0 8568 12858 12715 14639 0 0 0 19892 14537 19176 16345 14090 0 0 9127 0 0 15352 11628 0 10388 0 0 12180 0 13994 0 0 0 0 6188 0 0 12768 18956 11271 0 8568 13433 11464 0 16641 10389 19690 14315 18428 15368 0 11508 0 7123 9725 0 16877 0 18266 0 0 0 0 10755 11628 10297 0 19027 14568 12778 0 0 15504 5643 0 0 14252 0 15488 10297 13993 18719 12599 0 0 4290 0 0 0 0 0 11973 17694 0 0 15233 18008 6292 0 0 0 0 0 0 0 0 0 0 10388 0 13678 0 6188 9828 0 0 0 11507 13347 0 0 18795 0 17931 14463 16598 0 0 10948 10289 0 16899 13005 10963 13328 0 7917 0 8463 14568 16860 13209 0 0 18955 19340 0 11506 0 0 11628 0 14463 18142 14688 11508 0 9257 0 13888 14567 8008 18407 14420 11508
The 17 combinations result:
0 5967 5795 5795 5759 5983 4104 5812 0 5966 5717 5814 4810 5856 4821 4826 3876 4828 0 3876 5592 4845 5489 5640 3859 5910 4421 5897 3280 4537 4845 5686 5644 4825 0 3637 0 4676 4827 0 5806 5102 5115 4253 0 4793 0 4524 0 5609 0 3603 5929 4792 1628 2145 2911 5210 0 5928 4642 4794 4826 5496 4471 4556 4467 3740 4509 1651 3876 5508 5175 0 5471 5488 4271 0 4270 2821 0 5369 4658 5493 2171 0 3845 5750 0 3500 0 0 3697 4675 4643 4752 4661 0 0 0 0 0 5424 0 3060 4314 4289 4731 0 0 0 5931 4674 5793 5233 4612 0 0 3355 0 0 4827 3876 0 3620 0 0 4178 0 4555 0 0 0 0 2380 0 0 4300 5762 3828 0 3060 4435 3857 0 5319 3620 5910 4643 5644 4828 0 3860 0 2732 3485 0 5351 0 5625 0 0 0 0 3711 3876 3606 0 5774 4676 4343 0 0 4845 2261 0 0 4638 0 4844 3606 4555 5730 4273 0 0 1807 0 0 0 0 0 4141 5504 0 0 4811 5592 2535 0 0 0 0 0 0 0 0 0 0 3620 0 4510 0 2380 3500 0 0 0 3860 4464 0 0 5743 0 5579 4661 5302 0 0 3740 3605 0 5345 4374 3741 4420 0 2926 0 3045 4676 5342 4404 0 0 5762 5812 0 3860 0 0 3876 0 4661 5609 4692 3860 0 3379 0 4540 4676 2940 5643 4658 3860
The 18 combinations result:
0 1329 1310 1310 1308 1330 1051 1311 0 1329 1305 1311 1138 1322 1139 1139 969 1139 0 969 1289 1140 1274 1292 968 1326 1088 1325 882 1104 1140 1303 1292 1139 0 945 0 1121 1139 0 1311 1224 1225 1069 0 1137 0 1103 0 1290 0 935 1327 1137 531 648 798 1239 0 1327 1119 1137 1139 1274 1100 1105 1099 952 1102 533 969 1275 1237 0 1273 1274 1070 0 1070 784 0 1258 1120 1274 650 0 967 1307 0 920 0 0 949 1121 1119 1134 1120 0 0 0 0 0 1270 0 816 1073 1071 1133 0 0 0 1327 1121 1310 1241 1117 0 0 902 0 0 1139 969 0 936 0 0 1056 0 1105 0 0 0 0 680 0 0 1072 1308 966 0 816 1089 968 0 1255 936 1326 1119 1292 1139 0 968 0 770 919 0 1257 0 1291 0 0 0 0 950 969 935 0 1309 1121 1083 0 0 1140 664 0 0 1119 0 1140 935 1105 1306 1070 0 0 559 0 0 0 0 0 1053 1275 0 0 1138 1289 741 0 0 0 0 0 0 0 0 0 0 936 0 1102 0 680 920 0 0 0 968 1099 0 0 1307 0 1288 1120 1253 0 0 952 935 0 1256 1085 952 1088 0 799 0 815 1121 1256 1087 0 0 1308 1311 0 968 0 0 969 0 1120 1290 1122 968 0 904 0 1104 1121 800 1292 1120 968
The 19 combinations result:
0 210 209 209 209 210 185 209 0 210 209 209 190 210 190 190 171 190 0 171 208 190 207 208 171 210 187 210 165 188 190 209 208 190 0 170 0 189 190 0 209 204 204 186 0 190 0 188 0 208 0 169 210 190 118 134 152 205 0 210 189 190 190 207 188 188 188 170 188 118 171 207 205 0 207 207 186 0 186 151 0 206 189 207 134 0 171 209 0 168 0 0 170 189 189 190 189 0 0 0 0 0 207 0 153 186 186 190 0 0 0 210 189 209 205 189 0 0 167 0 0 190 171 0 169 0 0 185 0 188 0 0 0 0 136 0 0 186 209 171 0 153 187 171 0 206 169 210 189 208 190 0 171 0 150 168 0 206 0 208 0 0 0 0 170 171 169 0 209 189 187 0 0 190 135 0 0 189 0 190 169 188 209 186 0 0 120 0 0 0 0 0 185 207 0 0 190 208 148 0 0 0 0 0 0 0 0 0 0 169 0 188 0 136 168 0 0 0 171 188 0 0 209 0 208 189 206 0 0 170 169 0 206 187 170 187 0 152 0 153 189 206 187 0 0 209 209 0 171 0 0 171 0 189 208 189 171 0 167 0 188 189 152 208 189 171
The 20 combinations result:
0 21 21 21 21 21 20 21 0 21 21 21 20 21 20 20 19 20 0 19 21 20 21 21 19 21 20 21 19 20 20 21 21 20 0 19 0 20 20 0 21 21 21 20 0 20 0 20 0 21 0 19 21 20 16 17 18 21 0 21 20 20 20 21 20 20 20 19 20 16 19 21 21 0 21 21 20 0 20 18 0 21 20 21 17 0 19 21 0 19 0 0 19 20 20 20 20 0 0 0 0 0 21 0 18 20 20 20 0 0 0 21 20 21 21 20 0 0 19 0 0 20 19 0 19 0 0 20 0 20 0 0 0 0 17 0 0 20 21 19 0 18 20 19 0 21 19 21 20 21 20 0 19 0 18 19 0 21 0 21 0 0 0 0 19 19 19 0 21 20 20 0 0 20 17 0 0 20 0 20 19 20 21 20 0 0 16 0 0 0 0 0 20 21 0 0 20 21 18 0 0 0 0 0 0 0 0 0 0 19 0 20 0 17 19 0 0 0 19 20 0 0 21 0 21 20 21 0 0 19 19 0 21 20 19 20 0 18 0 18 20 21 20 0 0 21 21 0 19 0 0 19 0 20 21 20 19 0 19 0 20 20 18 21 20 19
The 21 combinations result:
0 1 1 1 1 1 1 1 0 1 1 1 1 1 1 1 1 1 0 1 1 1 1 1 1 1 1 1 1 1 1 1 1 1 0 1 0 1 1 0 1 1 1 1 0 1 0 1 0 1 0 1 1 1 1 1 1 1 0 1 1 1 1 1 1 1 1 1 1 1 1 1 1 0 1 1 1 0 1 1 0 1 1 1 1 0 1 1 0 1 0 0 1 1 1 1 1 0 0 0 0 0 1 0 1 1 1 1 0 0 0 1 1 1 1 1 0 0 1 0 0 1 1 0 1 0 0 1 0 1 0 0 0 0 1 0 0 1 1 1 0 1 1 1 0 1 1 1 1 1 1 0 1 0 1 1 0 1 0 1 0 0 0 0 1 1 1 0 1 1 1 0 0 1 1 0 0 1 0 1 1 1 1 1 0 0 1 0 0 0 0 0 1 1 0 0 1 1 1 0 0 0 0 0 0 0 0 0 0 1 0 1 0 1 1 0 0 0 1 1 0 0 1 0 1 1 1 0 0 1 1 0 1 1 1 1 0 1 0 1 1 1 1 0 0 1 1 0 1 0 0 1 0 1 1 1 1 0 1 0 1 1 1 1 1 1