The 1 combinations result:
0 0 0 0 0 0 0 0 0 0 0 0 0 1 0 0 0 0 1 0 0 0 0 0 0 0 0 0 0 0 0 0 0 0 0 0 0 0 0 0 0 0 0 0 0 0 0 0 0 0 0 0 0 0 0 0 0 0 0 0 0 0 0 0 0 0 0 0 0 0 0 0 0 0 0 0 0 0 0 0 0 0 0 0 0 0 0 0 0 0 0 0 0 0 0 0 0 0 0 0 0 0 0 0 0 0 0 0 0 0 0 0 0 0 0 0 0 0 0 0 0 0 0 0 0 0 0 0 0 0 0 0 0 0 0 0 0 0 0 0 0 0 0 0 0 0 0 0 0 1 0 0 0 0 0 0 0 0 0 0 0 0 0 0 0 0 0 0 0 0 1 0 0 0 0 0 0 0 0 0 0 0 0 0 0 0 0 0 0 0 0 0 0 0 0 0 0 0 0 0 0 0 0 0 0 1 0 0 0 0 0 0 0 0 0 0 0 0 0 0 0 0 0 0 0 0 0 0 0 0 0 0 0 0 0 0 0 0 0 0 0 0 0 0 0 0 0 0 0 0 0 0 0 0 0 0 0 0 0 1 0 0 0 0 0 0 
The 2 combinations result:
0 1 0 0 1 0 2 1 0 0 0 1 0 5 0 0 0 0 5 0 0 0 0 2 0 0 0 0 0 1 1 0 0 2 0 0 0 2 2 0 0 0 1 1 1 0 0 0 0 0 0 0 0 0 0 0 0 0 2 0 0 0 0 0 0 0 0 0 0 0 0 0 0 0 0 0 0 0 0 0 0 0 0 0 1 0 2 0 0 0 0 0 0 2 2 0 0 0 0 0 0 3 0 0 0 0 0 0 0 0 0 0 0 0 0 0 0 0 0 0 0 0 0 0 0 0 0 0 0 0 0 0 0 0 0 0 0 0 0 0 0 0 0 0 0 0 0 0 0 5 0 0 0 0 0 0 0 0 0 0 0 0 0 0 0 0 3 0 0 1 6 0 0 0 0 0 0 0 1 0 0 2 0 0 1 1 1 1 2 0 0 0 0 2 0 1 0 0 0 0 3 0 0 0 0 5 0 1 0 0 0 0 0 0 0 2 0 0 0 0 0 0 0 0 0 0 0 0 0 0 0 0 0 0 0 0 2 0 0 0 0 0 0 0 0 0 0 0 0 0 0 0 0 1 2 0 0 0 0 5 0 0 0 0 0 2 
The 3 combinations result:
0 4 0 1 4 0 7 4 5 1 0 4 0 10 0 0 0 0 10 0 0 0 0 8 0 0 0 0 0 5 4 0 0 10 0 0 0 7 7 0 0 5 4 5 5 3 0 0 0 0 0 0 0 0 0 0 0 1 8 0 0 0 0 0 0 0 0 0 0 0 0 0 0 0 0 0 0 0 0 0 0 0 0 0 5 0 7 0 0 0 0 0 0 7 9 0 0 0 0 0 3 10 0 0 0 0 0 0 0 0 0 0 0 0 0 0 0 0 0 0 0 4 0 0 0 0 0 0 0 0 0 1 0 0 0 0 0 0 0 0 0 0 0 0 0 0 1 0 0 10 0 0 0 0 0 0 0 0 0 0 0 0 1 0 0 0 10 0 1 9 15 0 0 0 0 0 0 0 4 0 1 8 1 0 4 7 11 8 7 0 0 0 0 7 0 4 0 2 0 0 9 0 0 0 0 10 0 5 0 0 0 0 0 0 0 7 0 0 0 0 0 1 1 0 0 0 0 0 0 0 0 0 0 0 0 0 8 3 0 0 0 0 0 0 0 0 0 0 0 0 1 0 0 5 8 0 0 2 0 10 0 2 0 0 0 7 
The 4 combinations result:
0 6 2 3 6 0 9 6 9 3 0 6 0 10 0 0 0 0 10 0 0 0 0 10 0 0 0 0 0 8 6 0 0 13 1 0 0 9 9 1 1 8 6 8 8 6 0 0 0 0 0 0 0 0 0 0 0 3 11 0 0 0 0 0 0 0 0 0 0 3 0 0 0 0 0 0 0 0 0 0 0 0 0 0 8 0 9 0 0 0 0 0 0 9 12 0 0 0 0 0 7 12 0 1 0 0 0 0 0 0 0 0 0 0 0 0 0 0 0 0 0 8 0 0 0 0 0 0 0 0 0 4 0 0 0 0 0 0 0 0 0 0 0 0 0 0 3 0 0 10 0 0 0 0 0 0 0 0 0 0 0 0 4 0 0 0 10 0 3 12 14 0 0 0 0 0 0 0 8 0 3 11 3 0 6 10 14 10 9 0 0 0 0 9 0 7 0 5 0 0 10 0 0 0 0 10 0 9 0 0 0 0 0 2 0 9 0 0 2 2 0 4 4 0 0 0 0 1 0 1 0 1 0 0 0 0 11 6 0 0 1 0 0 0 0 0 0 0 0 0 3 0 0 8 10 0 0 5 0 10 0 5 0 0 0 9 
The 5 combinations result:
0 4 3 3 4 0 5 4 5 3 0 4 0 5 0 0 0 0 5 0 0 0 0 5 0 0 0 0 0 5 4 0 0 6 2 0 0 5 5 3 2 5 4 5 5 4 0 0 0 0 0 0 0 0 0 0 0 3 6 0 0 0 0 0 0 0 0 0 0 4 0 0 0 0 0 0 0 0 0 0 0 0 0 0 5 0 5 0 0 0 0 0 0 5 6 0 0 0 0 0 5 6 0 2 0 0 0 0 0 0 0 0 0 0 0 0 0 0 0 0 0 5 0 0 0 0 0 0 0 0 0 4 0 0 0 0 0 0 0 0 0 0 0 0 0 0 3 0 0 5 0 0 0 0 0 0 0 0 0 0 0 0 4 0 0 0 5 0 3 6 6 0 0 0 0 0 0 0 5 0 3 6 3 0 4 5 6 5 5 0 0 0 0 5 0 5 0 4 0 0 5 0 0 0 0 5 0 5 0 0 0 0 0 3 0 5 0 0 3 3 0 4 4 0 0 0 0 2 0 2 0 2 0 0 0 0 6 4 0 0 2 0 0 0 0 0 0 0 0 0 3 0 0 5 5 0 0 4 0 5 0 4 0 0 0 5 
The 6 combinations result:
0 1 1 1 1 0 1 1 1 1 0 1 0 1 0 0 0 0 1 0 0 0 0 1 0 0 0 0 0 1 1 0 0 1 1 0 0 1 1 1 1 1 1 1 1 1 0 0 0 0 0 0 0 0 0 0 0 1 1 0 0 0 0 0 0 0 0 0 0 1 0 0 0 0 0 0 0 0 0 0 0 0 0 0 1 0 1 0 0 0 0 0 0 1 1 0 0 0 0 0 1 1 0 1 0 0 0 0 0 0 0 0 0 0 0 0 0 0 0 0 0 1 0 0 0 0 0 0 0 0 0 1 0 0 0 0 0 0 0 0 0 0 0 0 0 0 1 0 0 1 0 0 0 0 0 0 0 0 0 0 0 0 1 0 0 0 1 0 1 1 1 0 0 0 0 0 0 0 1 0 1 1 1 0 1 1 1 1 1 0 0 0 0 1 0 1 0 1 0 0 1 0 0 0 0 1 0 1 0 0 0 0 0 1 0 1 0 0 1 1 0 1 1 0 0 0 0 1 0 1 0 1 0 0 0 0 1 1 0 0 1 0 0 0 0 0 0 0 0 0 1 0 0 1 1 0 0 1 0 1 0 1 0 0 0 1 
Final result:
[170, 5] [0, 4] [13, 4] [101, 4] [18, 3] [33, 3] [149, 3] [186, 3] [205, 3] [259, 3] 